/*--------------------------------*- C++ -*----------------------------------*\
| =========                 |                                                 |
| \\      /  F ield         | OpenFOAM: The Open Source CFD Toolbox           |
|  \\    /   O peration     | Version:  2112                                  |
|   \\  /    A nd           | Website:  www.openfoam.com                      |
|    \\/     M anipulation  |                                                 |
\*---------------------------------------------------------------------------*/
FoamFile
{
    version     2.0;
    format      binary;
    arch        "LSB;label=32;scalar=64";
    class       cellSet;
    location    "constant/polyMesh/sets";
    object      protectedCells;
}
// * * * * * * * * * * * * * * * * * * * * * * * * * * * * * * * * * * * * * //


224
(
8704
5632
8705
5633
8707
4103
4104
8713
8714
5136
5137
4113
5138
4114
5139
6164
6165
4117
6166
4118
6167
4121
4122
4123
4124
4125
4126
8735
4127
8736
4129
4130
8739
6691
8740
6692
4132
4135
4137
4138
4140
5685
5687
5689
5691
8281
8282
8285
8286
4717
4719
4725
4726
3703
3704
4733
4735
4737
3713
3714
4740
3718
3721
8846
3726
8847
8848
3728
8849
8850
8851
8852
8853
3733
3734
8855
8856
3737
3738
8859
8860
8355
3747
3748
3749
8358
3750
8359
3753
8362
5293
5294
3759
5299
5300
3767
5305
5306
5307
5308
4796
4797
3773
3779
3781
3782
3784
3787
3789
3790
3792
5845
5846
5851
5852
6365
6366
6369
6370
6373
6374
6375
6376
5356
5357
5358
4846
5359
4847
5360
5361
4850
4853
4854
4856
3320
3323
3328
3330
8967
8968
8969
8970
5899
5901
5903
5905
6424
6425
5408
5409
8499
8502
8503
3383
8505
8507
8508
3389
5950
8511
5951
8512
5952
5953
3397
6475
3403
6476
4436
8535
4439
4440
8537
8539
4443
8542
8557
8559
8565
8566
4999
5001
5007
5008
5015
5016
5021
5022
5027
5028
5580
5581
5582
5583
5584
5585
6101
5077
6102
5078
5081
6107
5083
6108
5085
5088
6113
6114
6117
6118
8680
8682
8684
6636
6637
6638
8687
6639
6640
6641
8701
8702
8703
)


// ************************************************************************* //
